simulation:
  delta_t: 0.01
  total_hours: 12.0
  domain_length: 10.0
  dx_interval: 0.001
  diffusivity: 0.000173548
  m_diffusivity: 2e-3
  tau_m: 6.356783738
  flow: 0.166038385
  activity: 0.85442374
  beta: 0.854592574
  gamma: 0.151068778
  sigma_c: 0.1
  r: 1.132526972
  rho_sensitivity: 0.0
  m_sensitivity: 0.095371646
  morphogen_feedback: 1.11078258
  feedback_mode: active_stress