cma:
  x0: 
    diffusivity: 0.00026361376409494525
    tau_m: 6.242153148113385
    flow: 0.19627128512102468
    activity: 0.8749997229064099
    beta: 0.9969669403539715
    gamma: 0.538795096984612
    r: 0.968870632027848
    m_sensitivity: 0.05070302382000081
    morphogen_feedback: 1.2337528178981996
  
  sigma0: 0.1
  max_evals: 4000
  popsize: 36
  n_restarts: 2
  tolstagnation: 8
  
  bounds:
    lower:
      diffusivity: 1e-4
      tau_m: 3.0
      flow: 0.0
      activity: 0.75
      beta: 0.0
      gamma: 5e-2
      r: 0.0
      m_sensitivity: 5e-2
      morphogen_feedback: 1.0
    
    upper:
      diffusivity: 5e-4
      tau_m: 10.0
      flow: 0.5
      activity: 1.5
      beta: 2.0
      gamma: 1
      r: 1.2
      m_sensitivity: 1.0
      morphogen_feedback: 2.0