cma:
  x0: 
    diffusivity: 0.00010093
    tau_m: 7.248307090865066
    flow: 0.15291414039175813
    activity: 0.7338206094398659
    beta: 1.094898592555205
    gamma: 0.26384310490863966
    r: 1.385570233311682
    m_sensitivity: 0.11660417261360377
    morphogen_feedback: 1.7335002288222314
  
  sigma0: 0.1
  max_evals: 4000
  popsize: 36
  n_restarts: 2
  tolstagnation: 8
  
  bounds:
    lower:
      diffusivity: 1e-4
      tau_m: 0.1
      flow: 0.01
      activity: 0.0
      beta: 0.0
      gamma: 1e-4
      r: 0.0
      m_sensitivity: 1e-3
      morphogen_feedback: 1.0
    
    upper:
      diffusivity: 5e-3
      tau_m: 8.0
      flow: 3.0
      activity: 5.0
      beta: 5.0
      gamma: 1
      r: 5.0
      m_sensitivity: 1.0
      morphogen_feedback: 2.0