cma:
  x0: 
    diffusivity: 0.000173548
    tau_m: 6.356783738
    flow: 0.166038385
    activity: 0.85442374
    beta: 0.854592574
    gamma: 0.151068778
    r: 1.132526972
    m_sensitivity: 0.095371646
    morphogen_feedback: 1.11078258
  
  sigma0: 0.15
  max_evals: 4000
  popsize: 36
  n_restarts: 4
  tolstagnation: 8
  
  bounds:
    lower:
      diffusivity: 1e-4
      tau_m: 0.1
      flow: 0.01
      activity: 0.0
      beta: 0.0
      gamma: 1e-4
      r: 0.0
      m_sensitivity: 1e-3
      morphogen_feedback: 1.0
    
    upper:
      diffusivity: 5e-3
      tau_m: 8.0
      flow: 3.0
      activity: 5.0
      beta: 5.0
      gamma: 1
      r: 5.0
      m_sensitivity: 1.0
      morphogen_feedback: 2.0